5.470498708530450171e-01 1.750977950250769966e-01 2.778523341218779863e-01
4.958815574469227494e-01 1.981537002653911694e-01 3.059647422876861644e-01
5.853326818583923785e-01 1.628545684614823297e-01 2.518127496801253473e-01
7.579027261191916276e-01 9.991333809611452343e-02 1.421839357846939045e-01
8.004264809155094973e-01 4.022823861727992112e-02 1.593452804672105538e-01
7.462623881779170132e-01 1.731337983198904390e-02 2.364242319900941580e-01
7.104751392615336059e-01 1.900149847291034491e-02 2.705233622655559556e-01
7.582139451035235789e-01 2.921681129247099759e-02 2.125692436040054478e-01
8.580618926007562708e-01 2.970891113442091641e-02 1.122291962648228475e-01
9.189792600887805030e-01 2.392071655633874055e-02 5.710002335488087444e-02
9.673370871667592574e-01 1.229578276667532208e-02 2.036713006656526784e-02
9.925934449562799911e-01 2.139759651566172736e-03 5.266795392153955473e-03
9.804408367105306166e-01 9.041145277466454758e-03 1.051801801200317674e-02
9.266054014263124250e-01 4.235347294753383923e-02 3.104112562615383292e-02
8.471418296915735890e-01 7.354199496167851402e-02 7.931617534674796632e-02
7.762318232250677852e-01 9.127663404757276056e-02 1.324915427273595514e-01
7.408153435450334223e-01 8.812473936827806831e-02 1.710599170866884955e-01
7.322140118039123236e-01 9.504711212716454583e-02 1.727388760689232416e-01
6.667201764439928402e-01 1.320864520447469492e-01 2.011933715112603771e-01
