5.470498708530450171e-01 1.750977950250769966e-01 2.778523341218779863e-01
5.032661231483743780e-01 1.944174544099426527e-01 3.023164224416829970e-01
6.806557138681221808e-01 1.304949981990000674e-01 1.888492879328778629e-01
8.081267036277209881e-01 4.844464636333542518e-02 1.434286500089435590e-01
7.429357709303247015e-01 1.661606720051226130e-02 2.404481618691631795e-01
7.155186966392694803e-01 2.265402139844695240e-02 2.618272819622835534e-01
8.187171620568546304e-01 3.102161077616499146e-02 1.502612271669804267e-01
9.128819586061088787e-01 2.479030380400406089e-02 6.232773758988704310e-02
9.727510045439868858e-01 1.026846265931639739e-02 1.698053279669677063e-02
9.938033168305882015e-01 2.205830881882366815e-03 3.990852287529420006e-03
9.485310446406692853e-01 2.951349728207368350e-02 2.195545807725694451e-02
8.527682081463744401e-01 7.202373879816738322e-02 7.520805305545814889e-02
7.645667040091165267e-01 9.336620536235365475e-02 1.420670906285297908e-01
7.383449702668375414e-01 8.610025485504171905e-02 1.755547748781208228e-01
6.942292518032158188e-01 1.206183050700806447e-01 1.851524431267035364e-01
