5.470498708530450171e-01 1.750977950250769966e-01 2.778523341218779863e-01
5.160664357973854255e-01 1.876263863853595282e-01 2.963071778172550186e-01
4.982590289985832643e-01 1.967460111930572630e-01 3.049949598083594449e-01
4.981214701567803771e-01 1.968352412378956418e-01 3.050432886053240367e-01
5.287203862462058757e-01 1.833701787291785179e-01 2.879094350246154677e-01
5.820685733071671031e-01 1.639980772161448996e-01 2.539333494766878863e-01
6.520868378222729467e-01 1.405883525611807683e-01 2.073248096165463406e-01
7.217844043885008887e-01 1.152374362417282472e-01 1.629781593697707809e-01
7.782172089964514150e-01 8.788593599284558189e-02 1.338968550107030309e-01
8.088629294175376794e-01 6.005586882441533991e-02 1.310812017580469391e-01
8.025717698219305696e-01 4.179175825622470641e-02 1.556364719218447379e-01
7.810153608640013623e-01 2.891283018802568230e-02 1.900718089479730144e-01
7.586584186552721709e-01 2.074263988708427431e-02 2.205989414576434715e-01
7.390136290872557634e-01 1.640461730840444415e-02 2.445817536043396745e-01
7.205607545422866300e-01 1.617124674783635557e-02 2.632679987098769936e-01
7.100886255586673634e-01 1.834606400344772695e-02 2.715653104378850102e-01
7.155186966392694803e-01 2.265402139844695240e-02 2.618272819622835534e-01
7.360327111081761409e-01 2.708241658832358234e-02 2.368848723035003323e-01
7.695018335540402266e-01 3.005067271079961411e-02 2.004474937351601871e-01
8.103691492201841040e-01 3.106477846441881366e-02 1.585660723153970164e-01
8.500628684322297790e-01 3.008995957985812278e-02 1.198471719879121572e-01
8.845770473299789938e-01 2.718237289183265959e-02 8.824057977818837439e-02
9.058816790243661154e-01 2.550175192559558240e-02 6.861656905003830909e-02
9.238367454037478277e-01 2.314025239434627096e-02 5.302300220190604013e-02
9.429987171201590357e-01 1.916130572551906150e-02 3.783997715432193404e-02
9.626742294691436053e-01 1.386841909608281173e-02 2.345735143477343035e-02
9.780378273102964259e-01 7.876621524129094609e-03 1.408555116557440659e-02
9.882654326755117014e-01 3.434364340421019578e-03 8.300202984067348022e-03
9.933422903816926386e-01 2.128859836084414248e-03 4.528849782222953667e-03
9.931280434072090602e-01 2.275907533176942457e-03 4.596049059614060704e-03
9.850246983564079351e-01 6.469968166212978697e-03 8.505333477378872881e-03
9.695120576691604874e-01 1.577071536350426947e-02 1.471722696733532461e-02
9.485310446406692853e-01 2.951349728207368350e-02 2.195545807725694451e-02
9.222545958336305638e-01 4.479929031523833399e-02 3.294611385113119933e-02
8.920376079856590090e-01 5.797744887768499500e-02 4.998494313665619027e-02
8.597498726326826546e-01 6.993615112795606437e-02 7.031397623936121166e-02
8.267370843377719325e-01 7.888594599926097850e-02 9.437696966296714451e-02
7.983822489040082182e-01 8.601479150766183635e-02 1.156029595883299732e-01
7.736918314001753894e-01 9.183145193934337536e-02 1.344767166604811381e-01
7.523314669928521381e-01 9.379519209232146937e-02 1.538733409148263231e-01
7.424709677465051172e-01 8.992268265703530494e-02 1.676063495964595362e-01
7.392284923242897765e-01 8.607515168627041802e-02 1.746963559894398055e-01
7.380530849484359113e-01 8.720105902905821160e-02 1.747458560225057800e-01
7.317103137085021469e-01 9.573825957571967249e-02 1.725514267157782222e-01
7.174323222565227587e-01 1.088520434903982453e-01 1.737156342530788156e-01
6.874229927270194551e-01 1.236796413352854174e-01 1.888973659376951553e-01
6.418627953986663082e-01 1.412297551657707151e-01 2.169074494355629490e-01
5.914280536951663780e-01 1.594053044667468055e-01 2.491666418380867887e-01
