5.458730484344209710e-01 1.656765936404708817e-01 2.884503579251081473e-01
5.856508916267342268e-01 1.465691615978372553e-01 2.677799467754285456e-01
6.341191541583934832e-01 1.159236808921515066e-01 2.499571649494551351e-01
6.799382219699394714e-01 8.342484955601535412e-02 2.366369284740451329e-01
7.102580607068758045e-01 5.448227787571725128e-02 2.352596614174072009e-01
7.142371530453469619e-01 3.397878734958652974e-02 2.517840596050666679e-01
7.110584473189124344e-01 2.594729617583889023e-02 2.629942565052486581e-01
7.256592999319260162e-01 2.522579659653833087e-02 2.491149034715355315e-01
7.691828165896946734e-01 2.513420371984274176e-02 2.056829796904627028e-01
8.354864862995652341e-01 2.242528700640579117e-02 1.420882266940289018e-01
8.997518647801296954e-01 1.799082714079021719e-02 8.225730807907982722e-02
9.429619856746513928e-01 1.352573548468951302e-02 4.351227884065899526e-02
9.627158315422835733e-01 1.105474332227008444e-02 2.622942513544643944e-02
9.554075665610810564e-01 1.477213910515307212e-02 2.982029433376606753e-02
9.192015993784685701e-01 2.725021901996034154e-02 5.354818160157092527e-02
8.625112474488206837e-01 4.333122319873554396e-02 9.415752935244388333e-02
8.016143545738853016e-01 5.959669343790709173e-02 1.387889519882075096e-01
7.476747982530549397e-01 7.365423884708675872e-02 1.786709628998583987e-01
7.125598937269066457e-01 8.676182329920301139e-02 2.006782829738903706e-01
6.886583832155872553e-01 1.014621937951592778e-01 2.098794229892535501e-01
6.584708395847731488e-01 1.165867808275626721e-01 2.249423795876641929e-01
6.136698558166568951e-01 1.349594756531086737e-01 2.513706685302344868e-01
5.662590726392938700e-01 1.557417606933176601e-01 2.779991666673884421e-01
5.379644220952753964e-01 1.690863760059641285e-01 2.929492018987604474e-01
