5.175031754555922126e-01 1.757133514959603460e-01 3.067834730484474415e-01
4.783074923792630662e-01 1.802242000527654597e-01 3.414683075679715296e-01
7.403049685941975877e-01 1.369362359186689082e-01 1.227587954871335735e-01
7.180949312324276246e-01 2.729047533354134192e-01 9.000315432158999610e-03
6.524199703653291715e-01 3.475800296346709950e-01 0.000000000000000000e+00
8.120436414488670929e-01 1.879563585511326851e-01 0.000000000000000000e+00
9.351629548029445349e-01 6.483704519705536795e-02 0.000000000000000000e+00
9.886722499328700620e-01 1.067254612412415864e-02 6.552039430058600664e-04
9.164070255222631634e-01 2.906566831047688315e-02 5.452730616725978696e-02
7.489746650252547822e-01 7.584859177053483725e-02 1.751767432042103945e-01
6.733447954918061473e-01 9.104076742562143554e-02 2.356144370825722367e-01
6.890568839745930818e-01 1.176190370330197910e-01 1.933240789923871272e-01
