5.458730484344209710e-01 1.656765936404708817e-01 2.884503579251081473e-01
6.341191541583934832e-01 1.159236808921515066e-01 2.499571649494551351e-01
7.102580607068758045e-01 5.448227787571725128e-02 2.352596614174072009e-01
7.110584473189124344e-01 2.594729617583889023e-02 2.629942565052486581e-01
7.691828165896946734e-01 2.513420371984274176e-02 2.056829796904627028e-01
8.997518647801296954e-01 1.799082714079021719e-02 8.225730807907982722e-02
9.627158315422835733e-01 1.105474332227008444e-02 2.622942513544643944e-02
9.192015993784685701e-01 2.725021901996034154e-02 5.354818160157092527e-02
8.016143545738853016e-01 5.959669343790709173e-02 1.387889519882075096e-01
7.125598937269066457e-01 8.676182329920301139e-02 2.006782829738903706e-01
6.584708395847731488e-01 1.165867808275626721e-01 2.249423795876641929e-01
5.662590726392938700e-01 1.557417606933176601e-01 2.779991666673884421e-01
