5.458730484344209710e-01 1.666958857518382464e-01 2.874310658137407826e-01
6.339327791543819535e-01 1.727162831838031098e-01 1.933509376618151310e-01
7.084929092757354940e-01 2.387710917883810180e-01 5.273599893588347409e-02
7.081543022462584158e-01 2.887545449022010935e-01 3.091152851540483748e-03
7.657004928864982185e-01 2.342995071135017815e-01 0.000000000000000000e+00
8.969816137754919039e-01 1.030183862245079990e-01 0.000000000000000000e+00
9.608569799040000969e-01 3.301744630573116845e-02 6.125573790268767568e-03
9.186317702604437363e-01 3.032603474001051638e-02 5.104219499954558426e-02
8.016143545738853016e-01 5.983486910683819687e-02 1.385507763192763975e-01
7.125598937269066457e-01 8.676182329920301139e-02 2.006782829738903706e-01
6.584708395847731488e-01 1.165867808275626721e-01 2.249423795876641929e-01
5.662590726392938700e-01 1.557417606933176601e-01 2.779991666673884421e-01
