7.436969622819527004e-01 1.268165159813448573e-01 1.294865217367024146e-01
6.418993088314202122e-01 1.799594288310077950e-01 1.781412623375719373e-01
3.878271796395600379e-01 1.922545366721296056e-01 4.199182836883104675e-01
3.017361857811490244e-01 2.006406919219198837e-01 4.976231222969311196e-01
4.811514145159649369e-01 1.995653447204321085e-01 3.192832407636030934e-01
7.406362768703478316e-01 1.251923114280283356e-01 1.341714117016238050e-01
9.073146387773470822e-01 4.383763070981654825e-02 4.884773051283635564e-02
8.402493091197303920e-01 1.207717983606037410e-02 1.476735110442091714e-01
5.952642934612216719e-01 2.190715565938169962e-02 3.828285508793967673e-01
5.379503590659886481e-01 3.129412530583786101e-02 4.307555156281735464e-01
6.962036134603696302e-01 2.060045849452383712e-02 2.831959280451065708e-01
7.924981700412835339e-01 2.400985938198580555e-02 1.834919705767307785e-01
8.403655167927185365e-01 4.204551283912007914e-02 1.175889703681614468e-01
9.376246396618417300e-01 2.305563865956261616e-02 3.931972167859569545e-02
9.845104395971687739e-01 2.480373678618903385e-03 1.300918672421231062e-02
9.916409446849401288e-01 1.451625736575736392e-03 6.907429578484076266e-03
9.943316420111439902e-01 2.994567675230747680e-03 2.673790313625393125e-03
9.896864827825270217e-01 7.591690101249020349e-03 2.721827116224022607e-03
9.138473458536637839e-01 2.330063813036192463e-02 6.285201601597438514e-02
7.695466582143161149e-01 7.843552236840446723e-02 1.520178194172794317e-01
6.741591906725756811e-01 1.149090341828016559e-01 2.109317751446227462e-01
6.426676846255452435e-01 8.569936696227821449e-02 2.716329484121765558e-01
6.659673310497458143e-01 7.376957371654287166e-02 2.602630952337114389e-01
7.148017645407308551e-01 9.116150043831819372e-02 1.940367350209509512e-01
