5.470498708530450171e-01 1.750977950250769966e-01 2.778523341218779863e-01
5.382132414096854056e-01 1.784210346947526504e-01 2.833657238955618607e-01
5.293937137764570533e-01 1.817378427929547124e-01 2.888684434305883175e-01
5.209169573362402161e-01 1.851177505316993765e-01 2.939652921320605738e-01
5.145470611006994766e-01 1.883855425789139337e-01 2.970673963203865897e-01
5.085731180417535358e-01 1.913409301772661941e-01 3.000859517809802424e-01
5.035574307297765451e-01 1.938680346193665527e-01 3.025745346508568190e-01
5.000236277078311531e-01 1.957875195563658355e-01 3.041888527358029837e-01
4.964907706595090287e-01 1.977541873828077001e-01 3.057550419576833822e-01
4.954506286816677263e-01 1.983755912868956084e-01 3.061737800314367486e-01
4.964979722120979044e-01 1.977996860719793693e-01 3.057023417159226986e-01
4.977955247987667087e-01 1.970288702583447293e-01 3.051756049428887008e-01
5.032661231483743780e-01 1.944174544099426527e-01 3.023164224416829970e-01
5.100934939204121443e-01 1.912088556669068462e-01 2.986976504126812038e-01
5.170427174732715736e-01 1.879102072215322605e-01 2.950470753051959716e-01
5.287203862462058757e-01 1.833701787291785179e-01 2.879094350246154677e-01
5.406637247314289851e-01 1.787694282087856912e-01 2.805668470597852959e-01
5.534690422149506350e-01 1.738031951228703187e-01 2.727277626621790740e-01
5.698289833383592962e-01 1.681943216366275640e-01 2.619766950250130289e-01
5.862035926129939289e-01 1.625494640028567750e-01 2.512469433841493793e-01
6.036858512746170469e-01 1.565497868226920497e-01 2.397643619026908479e-01
6.230256355849881356e-01 1.501720098821774929e-01 2.268023545328343438e-01
6.423613447833695922e-01 1.437955768116286059e-01 2.138430784050018296e-01
6.616475711616779387e-01 1.372105553597066652e-01 2.011418734786154239e-01
6.806557138681221808e-01 1.304949981990000674e-01 1.888492879328778629e-01
6.996678626500325571e-01 1.237780256959740838e-01 1.765541116539932898e-01
7.174891834944553404e-01 1.169483014234826701e-01 1.655625150820619063e-01
7.346747507999135118e-01 1.100123658467686283e-01 1.553128833533179709e-01
7.519045198435240218e-01 1.030283210997589294e-01 1.450671590567172153e-01
7.653726554161740525e-01 9.554198249852635660e-02 1.390853620852997852e-01
7.782172089964514150e-01 8.788593599284558189e-02 1.338968550107030309e-01
7.907166930790300308e-01 8.022617463121828330e-02 1.290571322897516859e-01
7.973327071477197547e-01 7.290555649138034944e-02 1.297617363608999097e-01
8.039081286532457904e-01 6.557767410997779323e-02 1.305141972367764025e-01
8.088418821740412934e-01 5.873796220669517953e-02 1.324201556192634577e-01
8.087580954147898238e-01 5.349152105093952364e-02 1.377503835342706040e-01
8.081267036277209881e-01 4.844464636333542518e-02 1.434286500089435590e-01
8.052474843674793936e-01 4.384828073033467805e-02 1.509042349021859353e-01
7.998546691562444799e-01 3.981149338883322591e-02 1.603338374549224399e-01
7.944133761908740432e-01 3.584579516182778008e-02 1.697408286472981698e-01
7.885271631639795276e-01 3.254081835159983865e-02 1.789320184844206962e-01
7.825006367473285041e-01 2.964141596544737564e-02 1.878579472872240752e-01
7.766482134495535927e-01 2.668699107347548977e-02 1.966647954769708828e-01
7.706124216192046239e-01 2.456258102602532079e-02 2.048249973547699720e-01
7.646412094799620585e-01 2.265446046014807716e-02 2.127043300598898401e-01
7.586584186552721709e-01 2.074263988708427431e-02 2.205989414576434715e-01
7.534218981238330892e-01 1.929399947603059259e-02 2.272841024001362176e-01
7.481955119971972490e-01 1.784816266485814498e-02 2.339563253379444430e-01
7.429357709303247015e-01 1.661606720051226130e-02 2.404481618691631795e-01
7.377138115336083768e-01 1.632774499893774323e-02 2.459584434674539077e-01
7.325242699946684644e-01 1.601372033321611307e-02 2.514620096721155162e-01
7.275234644122599015e-01 1.588466405342141285e-02 2.565918715343185608e-01
7.228796404012219901e-01 1.607580221978553714e-02 2.610445573789925144e-01
7.182413166902587021e-01 1.630356696271645020e-02 2.654551163470250108e-01
7.149595971707110031e-01 1.681448361177308518e-02 2.682259192175160956e-01
7.127771757751900639e-01 1.750386441156073086e-02 2.697189598132492261e-01
7.106283986244309459e-01 1.817697783466276293e-02 2.711946235409061767e-01
7.105778567501063181e-01 1.917568267938956489e-02 2.702464605705041656e-01
7.112271061246817627e-01 2.027665378654038703e-02 2.684962400887779821e-01
7.118946111937684007e-01 2.137263806851720863e-02 2.667327507377144635e-01
7.155186966392694803e-01 2.265402139844695240e-02 2.618272819622835534e-01
7.193256151426140610e-01 2.394359557692787854e-02 2.567307892804581160e-01
7.236012686222204060e-01 2.518361050718755795e-02 2.512151208705920014e-01
7.307124924563980217e-01 2.626979459852777851e-02 2.430177129450741269e-01
7.378129228433971676e-01 2.734583215437561346e-02 2.348412450022272224e-01
7.457101401648448258e-01 2.829312741958564872e-02 2.259967324155695290e-01
7.552166864430382986e-01 2.899539713085111034e-02 2.157879164261104765e-01
7.647212295840670748e-01 2.969751886592025131e-02 2.055812515500127224e-01
7.749646480762535372e-01 3.023532841598670917e-02 1.948000235077598785e-01
7.858255260372666307e-01 3.060245109069714003e-02 1.835720228720360836e-01
7.966886929908141290e-01 3.096965113862404015e-02 1.723416558705618551e-01
8.076373317624343517e-01 3.107015422505965407e-02 1.612925140125061330e-01
8.187171620568546304e-01 3.102161077616499146e-02 1.502612271669804267e-01
8.298754605663178907e-01 3.096391106236199078e-02 1.391606283713203163e-01
8.399582245937823322e-01 3.057131314814547432e-02 1.294704622580723219e-01
8.500628684322297790e-01 3.008995957985812278e-02 1.198471719879121572e-01
8.601214432135493304e-01 2.958351931614032829e-02 1.102950374703103864e-01
8.689860417694461603e-01 2.871737216463663908e-02 1.022965860659171139e-01
8.778772349187629054e-01 2.784199725917771429e-02 9.428076782205935258e-02
8.861475204602513589e-01 2.704132883413466401e-02 8.681115070561397362e-02
8.923994010972285951e-01 2.647984796809152788e-02 8.112075093467971398e-02
8.982583652869271518e-01 2.613821291278190656e-02 7.560342180029096248e-02
9.035206437008131974e-01 2.577442322266370114e-02 7.070493307652303550e-02
9.082130772348101511e-01 2.526480869238127355e-02 6.652211407280858579e-02
9.128819586061088787e-01 2.479030380400406089e-02 6.232773758988704310e-02
9.176966589279847986e-01 2.412497599602737158e-02 5.817836507598763557e-02
9.226013983598291279e-01 2.333928442655424512e-02 5.405931721361655756e-02
9.275614686087924055e-01 2.251387754321616114e-02 4.992465384799161382e-02
9.326763996186347994e-01 2.142667027233138843e-02 4.589693010903373588e-02
9.378325592545483369e-01 2.029508511859257763e-02 4.187235562685914098e-02
9.429987171201590357e-01 1.916130572551906150e-02 3.783997715432193404e-02
9.482666517327537070e-01 1.780411104020775126e-02 3.392923722703854866e-02
9.535243911438742170e-01 1.644954297695500750e-02 3.002606587917082751e-02
9.588312710341464484e-01 1.504870820141929882e-02 2.612002076443424581e-02
9.638670653090345430e-01 1.347039756178691414e-02 2.266253712917862609e-02
9.685450102448973642e-01 1.187410537164168382e-02 1.958088438346082191e-02
9.727510045439868858e-01 1.026846265931639739e-02 1.698053279669677063e-02
9.762770849010281582e-01 8.673208871409553850e-03 1.504970622756217347e-02
9.798059372692136115e-01 7.077023885529660011e-03 1.311703884525682560e-02
9.828592911978287772e-01 5.787568416152708527e-03 1.135314038601842497e-02
9.853872894013602224e-01 4.745613586249617516e-03 9.867097012390286734e-03
9.876875955165668186e-01 3.697620358869761151e-03 8.614784124563441489e-03
9.894146408217555644e-01 3.089272941529514187e-03 7.496086236715097939e-03
9.909397330138765003e-01 2.631308733968177639e-03 6.428958252155372345e-03
9.923689819095368181e-01 2.170795326783638013e-03 5.460222763679785894e-03
9.933422903816926386e-01 2.128859836084414248e-03 4.528849782222953667e-03
9.942882578090218582e-01 2.115090812385084142e-03 3.596651378592904177e-03
9.947059151591955972e-01 2.112163537451173644e-03 3.181921303353143268e-03
9.938033168305882015e-01 2.205830881882366815e-03 3.990852287529420006e-03
9.928318861552714036e-01 2.298640558870981843e-03 4.869473285857640540e-03
9.912353828637963105e-01 2.819499386929597354e-03 5.945117749274074839e-03
9.887537537202581994e-01 4.278132440897869891e-03 6.968113838843755480e-03
9.862726474841383428e-01 5.736458144331537876e-03 7.990894371530110618e-03
9.830833585497514848e-01 7.558903405026378385e-03 9.357738045222383991e-03
9.792236897590165245e-01 9.723866664918947439e-03 1.105244357606437362e-02
9.753632075208722441e-01 1.188928620327778241e-02 1.274750627584992149e-02
9.707461140326700821e-01 1.491904327611666935e-02 1.433484269121316872e-02
9.656243550555367872e-01 1.830804563719489256e-02 1.606759930726813640e-02
9.604278912829523618e-01 2.169954600559027141e-02 1.787256271145739109e-02
9.546502966899259590e-01 2.559749408565154677e-02 1.975220922442247687e-02
9.485310446406692853e-01 2.951349728207368350e-02 2.195545807725694451e-02
9.423240515091108049e-01 3.345801240556598583e-02 2.421793608532353190e-02
9.350699438459811885e-01 3.759510707282789910e-02 2.733494908119107197e-02
9.277616445825926927e-01 4.170348766718089129e-02 3.053486775022620781e-02
9.202580523890607767e-01 4.570578868695494151e-02 3.403615892398418469e-02
9.123100327372863916e-01 4.931445890763137135e-02 3.837550835508214686e-02
9.042134264093980578e-01 5.287001470629328070e-02 4.291655888430853660e-02
8.960586175544301701e-01 5.631939974871553317e-02 4.762198269685423424e-02
8.879642072427599286e-01 5.970096350866802709e-02 5.233482924857206509e-02
8.798067741791336660e-01 6.315249114462044566e-02 5.704073467624594385e-02
8.710835521967350559e-01 6.629914353439191055e-02 6.261730426887310297e-02
8.620275647133119890e-01 6.921400955577046432e-02 6.875842573091764387e-02
8.527682081463744401e-01 7.202373879816738322e-02 7.520805305545814889e-02
8.439597707782910962e-01 7.437536811760056543e-02 8.166486110410825505e-02
8.353567685325757886e-01 7.662847257836020998e-02 8.801475888906398759e-02
8.267370843377719325e-01 7.888594599926097850e-02 9.437696966296714451e-02
8.188697206055136624e-01 8.078647382005312017e-02 1.003438055744330787e-01
8.110175828326149361e-01 8.268332348888166039e-02 1.062990936785034729e-01
8.033583785580846737e-01 8.460552813475466505e-02 1.120360933071606335e-01
7.967082134851865005e-01 8.644901129834930975e-02 1.168427752164643008e-01
7.899985289180293524e-01 8.814830699668549374e-02 1.218531640852851400e-01
7.833512544574205982e-01 8.972151572465934810e-02 1.269272298179199843e-01
7.769088402876943578e-01 9.112875121751869145e-02 1.319624084947870202e-01
7.704639383113465190e-01 9.256051860900141315e-02 1.369755430796520956e-01
7.645667040091165267e-01 9.336620536235365475e-02 1.420670906285297908e-01
7.591407016636795291e-01 9.360765255048993094e-02 1.472516457858303873e-01
7.536985389006743974e-01 9.375754027803724633e-02 1.525439208212884534e-01
7.499603196541121397e-01 9.304687654452514778e-02 1.569928038013626848e-01
7.468136152868476429e-01 9.205380126663301188e-02 1.611325834465193452e-01
7.436582808309339931e-01 9.101911962466711914e-02 1.653225995443988738e-01
7.424709677465051172e-01 8.992268265703530494e-02 1.676063495964595362e-01
7.414193203100095664e-01 8.882874430464401949e-02 1.697519353853463031e-01
7.404202786259463931e-01 8.764568966837350816e-02 1.719340317056802792e-01
7.397385348007093908e-01 8.674728651496392551e-02 1.735141786843266143e-01
7.390613482859593741e-01 8.582572378142387659e-02 1.751129279326166799e-01
7.385392154689167654e-01 8.536768656280077638e-02 1.760930979682824582e-01
7.383449702668375414e-01 8.610025485504171905e-02 1.755547748781208228e-01
7.381507659944261945e-01 8.683266878683149059e-02 1.750165652187423149e-01
7.373489109908035744e-01 8.813765107321377967e-02 1.745134379359825905e-01
7.359489096936574493e-01 8.999973367723881901e-02 1.740513566291039260e-01
7.345486133381805560e-01 9.186220872588894693e-02 1.735891779359303999e-01
7.323484056457469915e-01 9.486270412218686388e-02 1.727888902320660891e-01
7.295971155661346019e-01 9.827745725885453365e-02 1.721254271750108644e-01
7.267725277098966430e-01 1.016714536837876187e-01 1.715560186063158077e-01
7.223608146086900605e-01 1.053254866820774321e-01 1.723136987092324102e-01
7.174323222565227587e-01 1.088520434903982453e-01 1.737156342530788156e-01
7.122378302800806971e-01 1.124314620712196233e-01 1.753307076486994853e-01
7.032617082895266103e-01 1.165556641544368555e-01 1.801826275560363955e-01
6.942292518032158188e-01 1.206183050700806447e-01 1.851524431267035364e-01
6.845020849518744788e-01 1.248730203498921443e-01 1.906248946982335157e-01
6.728742726640845051e-01 1.296237308269955479e-01 1.975019965089198082e-01
6.610923868497414757e-01 1.342410936892765305e-01 2.046665194609821325e-01
6.485291093360062709e-01 1.388763394851638133e-01 2.125945511788299158e-01
6.351499998806914293e-01 1.436731770164514921e-01 2.211768231028572174e-01
6.217068884453256228e-01 1.485663980499767056e-01 2.297267135046976161e-01
6.081868139666442019e-01 1.534479622620629202e-01 2.383652237712928224e-01
5.947692290262704962e-01 1.582261948138534435e-01 2.470045761598761158e-01
5.814889422032842869e-01 1.627595362535865786e-01 2.557515215431290789e-01
5.697182361048694910e-01 1.669118153994851861e-01 2.633699484956452119e-01
5.583950318044453853e-01 1.710008407292770982e-01 2.706041274662773777e-01
