5.470498708530450171e-01 1.750977950250769966e-01 2.778523341218779863e-01
5.311603842310365087e-01 1.810734413517112451e-01 2.877661744172523295e-01
5.170197388907259439e-01 1.871377089071711852e-01 2.958425522021029264e-01
5.062179585827415451e-01 1.924940415751888456e-01 3.012879998420697203e-01
4.993180172357212787e-01 1.961707918169284526e-01 3.045111909473503520e-01
4.954506286816677263e-01 1.983755912868956084e-01 3.061737800314367486e-01
4.975353705146459138e-01 1.971834158530631209e-01 3.052812136322911596e-01
5.073633464237254920e-01 1.924919188135647552e-01 3.001447347627098639e-01
5.215405254284143366e-01 1.861359672425554335e-01 2.923235073290301189e-01
5.430978988339481006e-01 1.778125082312453364e-01 2.790895929348065629e-01
5.698289833383592962e-01 1.681943216366275640e-01 2.619766950250130289e-01
5.998007609955772201e-01 1.578309923829934736e-01 2.423682466214292508e-01
6.346154751849691911e-01 1.463499707860443089e-01 2.190345540289865278e-01
6.692622178861035165e-01 1.345203085467378268e-01 1.962174735671585735e-01
7.034871355659485515e-01 1.224286805245240750e-01 1.740841839095271792e-01
7.346747507999135118e-01 1.100123658467686283e-01 1.553128833533179709e-01
7.627959316006026613e-01 9.705731956603121102e-02 1.401467488333659195e-01
7.859388445414173807e-01 8.328342486136096345e-02 1.307777305972216142e-01
7.999621044900311340e-01 6.997526305813983605e-02 1.300626324518288912e-01
8.088250832522897449e-01 5.768607101008350890e-02 1.334888457376265936e-01
8.081267036277209881e-01 4.844464636333542518e-02 1.434286500089435590e-01
8.009411567941631116e-01 4.060334233480597521e-02 1.584555008710310520e-01
7.909790976717315791e-01 3.369801908458418260e-02 1.753228832436843077e-01
7.801616643189600575e-01 2.847023998583215684e-02 1.913680956952078516e-01
7.694163072122742753e-01 2.418035871574988546e-02 2.064033340719758636e-01
7.586584186552721709e-01 2.074263988708427431e-02 2.205989414576434715e-01
7.492424276981429765e-01 1.813778329791995020e-02 2.326197890039369831e-01
7.397961301553009905e-01 1.644791552392911929e-02 2.437559543207697965e-01
7.304462226070415065e-01 1.588512250814937132e-02 2.536686548848089973e-01
7.219523870052417802e-01 1.611396764410851987e-02 2.619336453506496132e-01
7.149595971707110031e-01 1.681448361177308518e-02 2.682259192175160956e-01
7.110592201472998308e-01 1.804202119204315058e-02 2.708987586606571574e-01
7.109674825281455668e-01 1.983639448138842590e-02 2.691961229904661357e-01
7.132301284108376604e-01 2.187878061236638028e-02 2.648910909767959176e-01
7.200944354536280567e-01 2.419729765868172677e-02 2.557082668876900500e-01
7.307124924563980217e-01 2.626979459852777851e-02 2.430177129450741269e-01
7.438004089113867678e-01 2.815205132562743559e-02 2.280475397629857237e-01
7.609137172240374447e-01 2.941624946192532633e-02 2.096700333140373296e-01
7.793155070774422377e-01 3.038239746505789693e-02 1.903020954574996537e-01
7.988709502307865806e-01 3.104341645646674017e-02 1.700856333127466202e-01
8.187171620568546304e-01 3.102161077616499146e-02 1.502612271669804267e-01
8.379648995407255052e-01 3.066176965628649928e-02 1.313733308029879088e-01
8.561373790444148923e-01 2.980058892953898683e-02 1.140620320260461312e-01
8.725414761423064824e-01 2.836732487899791544e-02 9.909119897869556048e-02
8.874009983911129718e-01 2.692875408822167568e-02 8.567024752066550175e-02
8.982583652869271518e-01 2.613821291278190656e-02 7.560342180029096248e-02
9.072808205220934674e-01 2.535955523490984048e-02 6.735962424299676843e-02
9.157436492097807967e-01 2.443600071902032878e-02 5.982035007119881204e-02
9.245919169102553292e-01 2.301668452703044959e-02 5.239139856271442935e-02
9.337092480053832411e-01 2.119999848886545621e-02 4.509075350575129232e-02
9.429987171201590357e-01 1.916130572551906150e-02 3.783997715432193404e-02
9.524711949567555846e-01 1.672088124761808223e-02 3.080792379562644068e-02
9.619207375189047227e-01 1.410502069933777802e-02 2.397424178175749931e-02
9.703843080582441605e-01 1.123201952639189122e-02 1.838367241536409402e-02
9.769811533536213455e-01 8.354677314492025761e-03 1.466416933188668947e-02
9.828592911978287772e-01 5.787568416152708527e-03 1.135314038601842497e-02
9.872263930213395211e-01 3.907738954935601090e-03 8.865868023724902958e-03
9.903298750217505164e-01 2.814440700371182574e-03 6.855684277878510910e-03
9.927736123295055615e-01 2.137137226353507443e-03 5.089250444141089381e-03
9.944299076679272709e-01 2.111917162021395046e-03 3.458175170051536185e-03
9.938033168305882015e-01 2.205830881882366815e-03 3.990852287529420006e-03
9.917339072065198824e-01 2.526480550332789975e-03 5.739612243147438654e-03
9.872665766525793307e-01 5.152254037055335571e-03 7.581169310365343250e-03
9.815371783274841055e-01 8.426185950724758567e-03 1.003663572179113242e-02
9.745876910117365899e-01 1.232428848993771114e-02 1.308802049832595224e-02
9.656243550555367872e-01 1.830804563719489256e-02 1.606759930726813640e-02
9.558363080576433024e-01 2.480781149431289523e-02 1.935588044804370522e-02
9.448523933090496874e-01 3.186764289614345963e-02 2.327996379480676975e-02
9.321474813629567757e-01 3.923797742067073463e-02 2.861454121637260761e-02
9.186645051340752710e-01 4.642931313408223126e-02 3.490618173184240752e-02
9.042134264093980578e-01 5.287001470629328070e-02 4.291655888430853660e-02
8.895930388894265350e-01 5.901178133592649422e-02 5.139517977464701931e-02
8.746947008074480445e-01 6.511922366483277602e-02 6.018607552771928354e-02
8.583628719875174840e-01 7.035760152079037488e-02 7.127952649169207178e-02
8.422364732820708522e-01 7.482669535953909157e-02 8.293683135838993137e-02
8.267370843377719325e-01 7.888594599926097850e-02 9.437696966296714451e-02
8.125904720377469248e-01 8.230335889144985151e-02 1.051061690708033070e-01
7.993791073984035656e-01 8.573900115442557868e-02 1.148818914471709252e-01
7.873013101495853761e-01 8.881498054456131441e-02 1.238837093058532957e-01
7.756224542396894517e-01 9.140974030896491243e-02 1.329678054513457885e-01
7.645667040091165267e-01 9.336620536235365475e-02 1.420670906285297908e-01
7.547896715239102994e-01 9.372748836734075273e-02 1.514828401087489618e-01
7.480719279430587676e-01 9.245091489565447629e-02 1.594771571612868255e-01
7.431031764235652703e-01 9.058031495332595495e-02 1.663165086231087053e-01
7.412102802983530081e-01 8.859213145742450557e-02 1.701975882442226529e-01
7.397385348007093908e-01 8.674728651496392551e-02 1.735141786843266143e-01
7.385782365941908623e-01 8.522052391066138599e-02 1.762012394951477934e-01
7.382285640702102025e-01 8.653926435312339627e-02 1.752321715766665955e-01
7.367880715939123526e-01 8.888359987106984883e-02 1.743283285350178680e-01
7.342673135226743808e-01 9.223635373135236071e-02 1.734963327459732585e-01
7.295971155661346019e-01 9.827745725885453365e-02 1.721254271750108644e-01
7.233047566798389560e-01 1.045982067822009282e-01 1.720970365379601019e-01
7.144695083687734316e-01 1.109720694011690767e-01 1.745584222300574917e-01
6.996497851512621935e-01 1.181802439958026113e-01 1.821699708529352368e-01
6.821707534800709460e-01 1.258255194593185800e-01 1.920037270606105573e-01
6.610923868497414757e-01 1.342410936892765305e-01 2.046665194609821325e-01
6.378342468937897580e-01 1.426961253861929735e-01 2.194696277200172130e-01
6.135908668902048113e-01 1.515062816411834601e-01 2.349028514686117008e-01
5.894492760273958298e-01 1.600855475631826619e-01 2.504651764094215638e-01
5.674500454125066540e-01 1.677309023776759611e-01 2.648190522098174959e-01
