5.470498708530450171e-01 1.750977950250769966e-01 2.778523341218779863e-01
5.159545999644011838e-01 1.884316840804977911e-01 2.956137159551012750e-01
7.465892382249820214e-01 1.051828575054933324e-01 1.482279042695246463e-01
7.793730995223514535e-01 2.806141666939625245e-02 1.925654838082522802e-01
7.119519550232790150e-01 1.776236826103505875e-02 2.702856767156859297e-01
7.883283502339673010e-01 3.068705230956001589e-02 1.809845974564728288e-01
9.085716232042420071e-01 2.522836916829115234e-02 6.620000762746684753e-02
9.760063001456731335e-01 8.795716121088465941e-03 1.519798373323857227e-02
9.893255097739250825e-01 3.942070027681771581e-03 6.732420198393113814e-03
9.153624063866080407e-01 4.792857784879114152e-02 3.670901576460084553e-02
8.002999117760787318e-01 8.548425189361441578e-02 1.142158363303070051e-01
7.402099646969746427e-01 8.736853762093331477e-02 1.724214976820920564e-01
7.108653224724583719e-01 1.130755745621458697e-01 1.760591029653956752e-01
