4.978010771756203878e-01 1.607639690069048444e-01 3.414349538174745735e-01
4.931926590435862789e-01 1.619137434534248798e-01 3.448935975029888690e-01
4.885999196416052626e-01 1.630596061448366108e-01 3.483404742135580712e-01
4.840116212087110514e-01 1.642043608393984055e-01 3.517840179518906818e-01
4.794165694005337874e-01 1.653508004631713546e-01 3.552326301362949690e-01
4.748035038241404382e-01 1.665017344209623884e-01 3.586947617548972289e-01
4.705489007682204239e-01 1.676174287521798589e-01 3.618336704795997449e-01
4.670612424815904773e-01 1.685890166004453405e-01 3.643497409179641267e-01
4.637582137365915957e-01 1.694537241023770513e-01 3.667880621610313807e-01
4.605427470145151969e-01 1.702680161266986458e-01 3.691892368587861295e-01
4.574465977614915468e-01 1.710116624283542774e-01 3.715417398101542035e-01
4.543428584426119077e-01 1.717571317443228052e-01 3.739000098130652594e-01
4.523492645902756903e-01 1.722422188059597459e-01 3.754085166037644528e-01
4.507351909203816120e-01 1.726382023373286556e-01 3.766266067422897046e-01
4.491251391972933549e-01 1.730331991574161066e-01 3.778416616452904275e-01
4.475151775011891320e-01 1.734281738910252724e-01 3.790566486077855957e-01
4.459098571395094801e-01 1.738752334180248271e-01 3.802149094424657205e-01
4.446167553729753474e-01 1.741871674460025166e-01 3.811960771810220527e-01
4.455531568282269927e-01 1.735420405873994154e-01 3.809048025843737029e-01
4.464865828685657956e-01 1.728989636188993928e-01 3.806144535125347006e-01
4.475839208438862626e-01 1.721626560042036347e-01 3.802534231519100749e-01
4.487475434421726583e-01 1.713885697364103677e-01 3.798638868214168629e-01
4.499142077030046649e-01 1.706124600383304157e-01 3.794733322586650859e-01
4.524561819088479542e-01 1.694830766345895579e-01 3.780607414565625990e-01
4.563543725199035728e-01 1.680088095234409107e-01 3.756368179566554333e-01
4.602405318205082252e-01 1.665390925657023458e-01 3.732203756137894568e-01
4.641241611740051787e-01 1.650703324154125795e-01 3.708055064105821863e-01
4.680147372139236706e-01 1.635989450792450506e-01 3.683863177068313344e-01
4.720379932500874953e-01 1.620535821163994750e-01 3.659084246335128077e-01
4.784748265211383744e-01 1.601063202847436140e-01 3.614188531941179283e-01
4.852281658187485025e-01 1.581101534722007262e-01 3.566616807090505770e-01
4.919689726073085412e-01 1.561176910461163359e-01 3.519133363465749564e-01
4.987136963175777260e-01 1.541240708477391308e-01 3.471622328346831154e-01
5.056387657007553882e-01 1.520249149847069658e-01 3.423363193145373407e-01
5.131898188125365579e-01 1.498471625163123877e-01 3.369630186711511377e-01
5.224379146860658185e-01 1.475124555108730251e-01 3.300496298030612397e-01
5.316541719104008745e-01 1.451857862591868775e-01 3.231600418304121369e-01
5.408611438014592210e-01 1.428614611151901026e-01 3.162773950833505654e-01
5.501394426852708186e-01 1.404929326783428967e-01 3.093676246363862847e-01
5.595038425750479272e-01 1.380763487061726913e-01 3.024198087187793815e-01
5.699104795566735104e-01 1.355533946292280523e-01 2.945361258140983263e-01
5.808826860792826174e-01 1.329810557333974130e-01 2.861362581873201361e-01
5.918270115684727273e-01 1.304152533046456786e-01 2.777577351268815109e-01
6.027701853562352774e-01 1.278497208823300146e-01 2.693800937614345692e-01
6.137389255183048897e-01 1.252781946447394101e-01 2.609828798369556724e-01
6.247602004248380414e-01 1.226943520908009982e-01 2.525454474843609742e-01
6.358136910792920871e-01 1.200689198448268991e-01 2.441173890758809584e-01
6.468144934275487090e-01 1.174560021594021203e-01 2.357295044130491568e-01
6.577896546696839764e-01 1.148491747660794760e-01 2.273611705642365755e-01
6.687659709797288965e-01 1.122420730202801503e-01 2.189919559999909116e-01
6.797702498208731958e-01 1.096283295960172738e-01 2.106014205831094888e-01
6.901517307378927102e-01 1.070126929153206452e-01 2.028355763467866724e-01
6.993957747675423331e-01 1.044187924791314670e-01 1.961854327533261166e-01
7.086268547310641264e-01 1.018023151223012984e-01 1.895708301466346168e-01
7.178594442172292478e-01 9.915923975229952447e-02 1.829813160304713249e-01
7.271013448722998262e-01 9.651349881146986665e-02 1.763851563162303349e-01
7.363751727648248924e-01 9.385861784604856983e-02 1.697662093891264545e-01
7.434206514603197702e-01 9.103439675306866652e-02 1.655449517866115217e-01
7.496926371577881110e-01 8.815644169623280957e-02 1.621509211459791489e-01
7.559499989813903698e-01 8.522776222407123237e-02 1.588222387945382175e-01
7.622037269131658466e-01 8.230078354925816908e-02 1.554954895375758595e-01
7.684690817769035398e-01 7.936836303522884495e-02 1.521625551878675875e-01
7.743292148098205319e-01 7.645109189768925506e-02 1.492196932924901021e-01
7.771716397499481843e-01 7.372867324122536759e-02 1.490996870088264759e-01
7.799919404030692949e-01 7.098592376513988833e-02 1.490221358317909972e-01
7.828072053637759042e-01 6.824807151258817373e-02 1.489447231236359914e-01
7.856243042974998536e-01 6.550843571666592480e-02 1.488672599858340551e-01
7.884501247964567083e-01 6.276031817662709733e-02 1.487895570269164580e-01
7.896717749279167364e-01 6.000522818185254764e-02 1.503229968902306812e-01
7.892797342426427498e-01 5.726332618835059535e-02 1.534569395690066895e-01
7.888887156641637421e-01 5.452857273010165706e-02 1.565827116057345592e-01
7.883805403526242817e-01 5.183743470689734789e-02 1.597820249404784121e-01
7.875784532779733782e-01 4.925077177842343557e-02 1.631707749436030475e-01
7.867738094481647737e-01 4.665586353096428524e-02 1.665703270208710174e-01
7.835711279679048458e-01 4.441828601670094745e-02 1.720105860153940402e-01
7.800408163884574586e-01 4.224180023517111471e-02 1.777173833763714683e-01
7.764745438839204539e-01 4.014176841035898419e-02 1.833836877057206383e-01
7.729080719580195824e-01 3.804161915447278747e-02 1.890503088875077065e-01
7.693326909019551074e-01 3.593622367669781215e-02 1.947310854213470110e-01
7.656260766950144792e-01 3.385714341939109057e-02 2.005167798855944650e-01
7.615811267071428414e-01 3.188850349314707733e-02 2.065303697997101784e-01
7.575460684768050568e-01 2.992467779424354615e-02 2.125292537289511507e-01
7.535095853592778115e-01 2.794921751845615837e-02 2.185411971222659955e-01
7.494668149176662020e-01 2.596304026974244339e-02 2.245701448125912714e-01
7.453309863590573681e-01 2.395514492298173731e-02 2.307138687179607905e-01
7.410383264329731823e-01 2.228114024671205493e-02 2.366805333203148010e-01
7.367437954774054276e-01 2.082418309989491831e-02 2.424320214226995673e-01
7.324660344298196124e-01 1.937291529087474887e-02 2.481610502793056006e-01
7.281945604333773803e-01 1.792378041888325127e-02 2.538816591477393025e-01
7.239189521191153887e-01 1.647324294345102816e-02 2.596078049374334618e-01
7.196287476994128740e-01 1.501775361172591645e-02 2.653534986888610447e-01
7.152577435714381204e-01 1.410958153769640601e-02 2.706326748908653435e-01
7.109016104451434392e-01 1.320449924076233864e-02 2.758938903140940591e-01
7.065496895004812483e-01 1.230029211704184930e-02 2.811500183824769405e-01
7.021913630972874687e-01 1.139475411867811247e-02 2.864138827840342350e-01
6.978159509494898938e-01 1.048566618175126100e-02 2.916983828687587099e-01
6.934165315013689490e-01 9.811989652144520804e-03 2.967714788464865250e-01
6.890495609855148418e-01 9.534593530786074009e-03 3.014158454836990408e-01
6.847325943987204733e-01 9.252093195066838846e-03 3.060153124062128249e-01
6.804402358354832980e-01 8.967269713015335944e-03 3.105924944515011665e-01
6.761750495535391314e-01 8.678585872990297184e-03 3.151463645734706720e-01
6.718994073658479671e-01 8.389194337961475637e-03 3.197113982961906076e-01
6.680862823352666791e-01 8.326628510702552277e-03 3.235870891540307270e-01
6.644462585540014121e-01 8.339874590723756961e-03 3.272138668552747598e-01
6.608153049795635336e-01 8.353087664178891064e-03 3.308316073562575510e-01
6.571845544320185084e-01 8.366299998817289946e-03 3.344491455691641635e-01
6.535602652722173334e-01 8.417428526632323924e-03 3.380223062011504798e-01
6.501249720049825376e-01 8.462125605717104107e-03 3.414129023893001658e-01
6.481233149763984125e-01 8.460324488861388839e-03 3.434163605347402837e-01
6.461280182115020088e-01 8.458529095053115773e-03 3.454134526934449223e-01
6.441917935903770376e-01 8.452134547208691590e-03 3.473560718624142951e-01
6.422778574038047195e-01 8.443896878131771505e-03 3.492782457180634847e-01
6.403589182652258405e-01 8.435637676120091508e-03 3.512054440586539483e-01
6.393667785228259737e-01 8.567815740049713677e-03 3.520654057371243040e-01
6.393083615789675322e-01 8.839413335124059537e-03 3.518522250859084100e-01
6.392501249321896895e-01 9.110172675913229615e-03 3.516397023918969578e-01
6.391919261983293188e-01 9.380755748372143071e-03 3.514273180532986318e-01
6.391336233638151842e-01 9.651822815461891594e-03 3.512145538207229745e-01
6.391214208807393105e-01 9.919892338862534853e-03 3.509586867803982657e-01
6.408842609317539907e-01 1.034169957117676494e-02 3.487740394970691993e-01
6.428927631695910971e-01 1.078361610044568757e-02 3.463236207299633107e-01
6.448975381295045661e-01 1.122471254313843134e-02 3.438777493273568187e-01
6.469034780162303822e-01 1.166606529643112074e-02 3.414304566873386237e-01
6.489816056912927067e-01 1.210083294051872080e-02 3.389175613681885690e-01
6.515973491868970457e-01 1.251680941249531942e-02 3.358858414006075654e-01
6.557579970031606198e-01 1.287478416236979319e-02 3.313672188344694569e-01
6.599043208539234762e-01 1.323152650368824602e-02 3.268641526423882171e-01
6.640464673040463728e-01 1.358790942887361242e-02 3.223656232670800703e-01
6.682183365998629609e-01 1.394074633120760860e-02 3.178409170689294738e-01
6.724265643902714862e-01 1.429057958930078469e-02 3.132828560204277135e-01
6.776661115217470499e-01 1.458471320195274014e-02 3.077491752763000799e-01
6.834941692778018218e-01 1.484376896661030940e-02 3.016620617555876849e-01
6.893074175903114442e-01 1.510216645506639276e-02 2.955904159546220433e-01
6.951200541587364556e-01 1.536053675164513257e-02 2.895194090896183181e-01
7.009462707036016038e-01 1.561951067490843607e-02 2.834342186214900416e-01
7.068003918931979879e-01 1.587972495291442923e-02 2.773198831538876696e-01
7.137886872024998830e-01 1.607358789891506767e-02 2.701377248985850632e-01
7.207436716370236862e-01 1.626652676486005367e-02 2.629898015981160797e-01
7.276824451181722608e-01 1.645901592124931340e-02 2.558585389605783633e-01
7.346219488623578764e-01 1.665152533593297624e-02 2.487265258017090086e-01
7.415791312232833388e-01 1.684452517475738473e-02 2.415763436019593424e-01
7.485834167073823764e-01 1.699830746521255320e-02 2.344182758274050427e-01
7.555995942273685539e-01 1.708522345504051229e-02 2.273151823175908193e-01
7.626657865192071339e-01 1.716691490442411386e-02 2.201672985763686585e-01
7.697928870997283735e-01 1.724352573030050670e-02 2.129635871699711858e-01
7.769271754402392594e-01 1.732021381904457619e-02 2.057526107407161298e-01
7.840861100225154923e-01 1.739716683584949936e-02 1.985167231416350431e-01
7.907784826149257817e-01 1.739424470633521222e-02 1.918272726787391691e-01
7.973082206507803305e-01 1.736281882180961550e-02 1.853289605274098806e-01
8.039547921248307860e-01 1.732013705790658512e-02 1.787250708172625491e-01
8.105975036779690113e-01 1.727748008095329746e-02 1.721250162410776774e-01
8.172525653614797214e-01 1.723474379614168064e-02 1.655126908423783794e-01
8.238289676528137706e-01 1.717829777386109188e-02 1.589927345733250230e-01
8.296542289214142718e-01 1.702749869079563799e-02 1.533182723877900000e-01
8.354241720261452731e-01 1.687018585626571740e-02 1.477056421175889367e-01
8.411838128041759788e-01 1.671315390634523987e-02 1.421030332894787362e-01
8.469472056360716206e-01 1.655601965970916051e-02 1.364967747042192536e-01
8.527284415781046789e-01 1.639839893509893037e-02 1.308731594867962866e-01
8.579577710319402639e-01 1.621353524869449322e-02 1.258286937193652255e-01
8.625967239332203995e-01 1.600277166765929487e-02 1.214005043991202709e-01
8.672235824130261062e-01 1.579255757777753288e-02 1.169838600091962777e-01
8.717687012130761470e-01 1.563340909193309050e-02 1.125978896949905300e-01
8.761171680021123676e-01 1.560171590971757422e-02 1.082811160881699541e-01
8.804794960853192798e-01 1.556992170142937511e-02 1.039505822132513052e-01
8.841878214454640394e-01 1.545256872467436551e-02 1.003596098298616401e-01
8.877860832777879629e-01 1.532354029296426230e-02 9.689037642924777649e-02
8.913547878060460450e-01 1.523151284813859148e-02 9.341369934581511547e-02
8.949236918916640970e-01 1.513948025725676827e-02 8.993682785107916244e-02
8.985015111830370049e-01 1.504721776681357086e-02 8.645127105014940860e-02
9.020699970795803546e-01 1.493155346335548264e-02 8.299844945706404131e-02
9.055565840537931344e-01 1.474732620964636087e-02 7.969608973656031048e-02
9.090346447240781336e-01 1.456354947605005209e-02 7.640180579987179699e-02
9.125491344415419537e-01 1.437378142261177064e-02 7.307708413584616813e-02
9.160208660711368633e-01 1.417957947973189949e-02 6.979955444913124585e-02
9.193996136799471586e-01 1.397604340404231399e-02 6.662434291601054825e-02
9.226723632906951300e-01 1.371144078515413797e-02 6.361619592415077018e-02
9.259045643745696941e-01 1.341565267604057435e-02 6.067978294938958239e-02
9.291241438903814487e-01 1.312101960327983347e-02 5.775483650633887051e-02
9.323389915708119036e-01 1.282681955451840487e-02 5.483418887466975922e-02
9.355569508708058146e-01 1.253233475241301992e-02 5.191071437678101280e-02
9.387858956656803811e-01 1.223684463576378209e-02 4.897725969855598604e-02
9.416898222101885985e-01 1.186989392009351989e-02 4.644028386971806727e-02
9.445838690347839739e-01 1.150419164175009445e-02 4.391193932346590389e-02
9.474751174483748706e-01 1.113884298079511129e-02 4.138603957083000079e-02
9.503706214015429365e-01 1.077295657438773549e-02 3.885642202406929674e-02
9.532774764643959786e-01 1.040563580049253672e-02 3.631688773511172058e-02
9.560961351858535684e-01 1.001227620522628439e-02 3.389158860892010905e-02
9.586469164481590255e-01 9.575335443350280890e-03 3.177774810849085668e-02
9.610616064955412874e-01 9.133716763345048686e-03 2.980467674111364831e-02
9.634117594225667380e-01 8.690016651598710812e-03 2.789822392583458238e-02
9.656739329051061693e-01 8.242504026176563844e-03 2.608356306871721653e-02
9.679416520006979274e-01 7.793894344372217370e-03 2.426445365492964357e-02
9.698286529009308987e-01 7.360647382419712760e-03 2.281069971664946225e-02
9.715794546847015267e-01 6.934690215055592556e-03 2.148585510024281914e-02
9.733258938227188350e-01 6.509794447242616376e-03 2.016431173003867261e-02
9.750722353075698123e-01 6.084922437725035459e-03 1.884284225470509930e-02
9.768263772354587315e-01 5.658149473649395217e-03 1.751547329089192528e-02
9.785352675723384408e-01 5.225331804502744530e-03 1.623940062315877217e-02
9.798728150118757307e-01 4.763857104955725348e-03 1.536332788316860896e-02
9.812061123954397557e-01 4.303848740916002037e-03 1.449003886364434029e-02
9.824119187104022322e-01 3.842090539889044757e-03 1.374599074970884321e-02
9.835675816613121958e-01 3.379315930158928970e-03 1.305310240852884662e-02
9.847262654685705607e-01 2.915331646261730067e-03 1.235840288516776124e-02
9.857048391558040912e-01 2.600102524969680109e-03 1.169505831922612767e-02
9.864962087544623115e-01 2.435880967857774471e-03 1.106791027767987066e-02
9.872851358831973290e-01 2.272166261419297610e-03 1.044269785538351654e-02
9.880735494087179438e-01 2.108558135672959806e-03 9.817892455609164917e-03
9.888633731773470714e-01 1.944657362446112646e-03 9.191969460206731585e-03
9.895564097385496360e-01 1.779318091757752657e-03 8.664272169692739667e-03
9.898178873365376385e-01 1.812308402201895374e-03 8.369804261260270148e-03
9.900166440090552022e-01 1.873458569255492725e-03 8.109897421689420821e-03
9.902150318388874828e-01 1.934495256889764286e-03 7.850472904222584661e-03
9.904135349471462346e-01 1.995567411484346770e-03 7.590897641369293708e-03
9.904552541171652846e-01 2.055478959543990177e-03 7.489266923290804553e-03
9.902918533760413089e-01 2.112163537451173644e-03 7.595983086507514422e-03
9.895937802143579543e-01 2.159077966401232174e-03 8.247141819240850005e-03
9.888981103264736783e-01 2.205830881882366815e-03 8.896058791643787073e-03
9.882031413225389471e-01 2.252536694033881008e-03 9.544321983427176206e-03
9.874380946234905254e-01 2.298640558870981843e-03 1.026326481763851182e-02
9.866015525180228396e-01 2.344212916203363209e-03 1.105423456577383189e-02
9.853777478141976243e-01 2.581470682682828442e-03 1.204078150311938163e-02
9.839287122016868725e-01 2.932315119740935925e-03 1.313897267857216250e-02
9.824833586753864978e-01 3.282268040087773023e-03 1.423437328452554704e-02
9.810381572476075673e-01 3.632184133927722318e-03 1.532965861846485693e-02
9.795895794172078119e-01 3.982917731538033156e-03 1.642750285125415405e-02
9.781340636281153911e-01 4.335331166545614533e-03 1.753060520533887209e-02
9.756332870227836240e-01 5.058556676076604933e-03 1.930815630113993583e-02
9.731444307861051302e-01 5.778334810630158906e-03 2.107723440326472394e-02
9.706613756741870880e-01 6.496435257779838331e-03 2.284218906803300517e-02
9.681780592360603732e-01 7.214611280564728682e-03 2.460732948337482698e-02
9.656884164666611481e-01 7.934616880669074362e-03 2.637696665266986429e-02
9.629202793237722213e-01 8.901333915198157698e-03 2.817838676102968343e-02
9.597140448454760664e-01 1.027028871555089352e-02 3.001566643897322223e-02
9.564564709116043506e-01 1.163216195081567643e-02 3.191136713757995735e-02
9.531426231441001429e-01 1.298910494295340071e-02 3.386827191294664030e-02
9.498254333243646430e-01 1.434741642715002541e-02 3.582715024848545649e-02
9.464967838805745659e-01 1.571042035881087609e-02 3.779279576061465862e-02
9.429902599462081092e-01 1.731984287162622455e-02 3.968989718216549972e-02
9.394191060636313262e-01 1.900232161555029040e-02 4.157857232081852566e-02
9.357327869644973539e-01 2.066842363858499912e-02 4.359878939691776145e-02
9.320486086533223968e-01 2.233355809178828866e-02 4.561783325488943941e-02
9.283575807172471661e-01 2.400178836323097267e-02 4.764063091952198264e-02
9.245460214179674896e-01 2.569723796079789735e-02 4.975674062123462693e-02
9.200057387943574305e-01 2.753187591378349758e-02 5.246238529185914129e-02
9.153079080749535468e-01 2.934807390948912867e-02 5.534401801555727252e-02
9.106184654082524199e-01 3.116102905430967809e-02 5.822050553743787077e-02
9.059259678563321705e-01 3.297516522857628363e-02 6.109886691509159445e-02
9.012189426202713571e-01 3.479491785698828749e-02 6.398613952274048722e-02
8.964137604801933890e-01 3.652318888201634695e-02 6.706305063779040287e-02
8.915455524190534220e-01 3.814729697769018296e-02 7.030715060325665178e-02
8.866900364807630552e-01 3.976717078854855730e-02 7.354279273068850542e-02
8.818066539344974197e-01 4.137775762605379326e-02 7.681558843944880088e-02
8.768451888763066915e-01 4.296787939476886392e-02 8.018693172892432663e-02
8.718679085135441209e-01 4.456306988003919806e-02 8.356902160641657695e-02
8.667719485282714409e-01 4.612172309176004736e-02 8.710632837996842848e-02
8.616820927164232646e-01 4.766811830233137759e-02 9.064978898124542717e-02
8.565469714592238715e-01 4.928184014293768289e-02 9.417118839783845952e-02
8.514115630526595258e-01 5.089565222079028839e-02 9.769278472655007484e-02
8.462633262759620134e-01 5.251349563890284761e-02 1.012231780851352986e-01
8.410392117360458997e-01 5.407341486680108944e-02 1.048873733971531219e-01
8.356659746112237164e-01 5.543576295513122365e-02 1.088982624336451432e-01
8.303058775150723436e-01 5.679477947767996859e-02 1.128993430072476739e-01
8.249145962182683478e-01 5.812954626586511880e-02 1.169558575158665958e-01
8.194944637312302493e-01 5.944912390978736305e-02 1.210564123589824292e-01
8.140159045491683898e-01 6.073562246307488005e-02 1.252484729877567093e-01
8.086507248035529338e-01 6.190618828283132868e-02 1.294430869136157236e-01
8.034050862815435012e-01 6.301558143526898859e-02 1.335793322831875796e-01
7.981799316904287789e-01 6.412064246825642522e-02 1.376994258413147265e-01
7.929624565404473913e-01 6.522407938639648850e-02 1.418134640731560370e-01
7.877399314474009540e-01 6.632858431031564417e-02 1.459314842422833325e-01
7.824995776569340089e-01 6.743685980186965578e-02 1.500635625411963214e-01
7.778943628080297046e-01 6.843321863196243082e-02 1.536724185600079895e-01
7.733048157909896414e-01 6.942618765655451940e-02 1.572689965524557143e-01
7.687197066561457515e-01 7.041819652548440833e-02 1.608620968183697153e-01
7.641278488402486468e-01 7.141166550174472827e-02 1.644604856580067220e-01
7.595179897773951527e-01 7.240902912829733085e-02 1.680729810943075719e-01
7.551041646285086006e-01 7.332886865600027337e-02 1.715669667154910150e-01
7.510635964281296983e-01 7.407722283037525279e-02 1.748591807414951460e-01
7.470338048170052092e-01 7.477770469976716128e-02 1.781884904832276850e-01
7.430101255665499949e-01 7.545552345442958775e-02 1.815343509790204868e-01
7.389876447594673214e-01 7.610217021086147782e-02 1.849101850296711314e-01
7.349553030278187515e-01 7.675040219173365208e-02 1.882942947804474298e-01
7.312586290506074560e-01 7.736066153708096027e-02 1.913807094123115005e-01
7.276922502528179182e-01 7.795521629327467616e-02 1.943525334539074612e-01
7.241347581533753575e-01 7.854828953865063135e-02 1.973169523079741083e-01
7.205774649731843118e-01 7.914132962198915100e-02 2.002812054048264956e-01
7.170168572517773287e-01 7.976248099907602696e-02 2.032206617491466860e-01
7.135478782135057374e-01 8.032319897710743506e-02 2.061289228093868275e-01
7.108310965348807464e-01 8.044253578867928411e-02 2.087263676764401221e-01
7.081229474279757685e-01 8.056149340762297495e-02 2.113155591644012843e-01
7.054410616263790956e-01 8.063647240510035674e-02 2.139224659685204921e-01
7.027678357213924532e-01 8.069392027218920405e-02 2.165382440064182457e-01
7.000876221116959508e-01 8.075151830568592926e-02 2.191608595826181338e-01
6.979700699705678746e-01 8.074109373521208555e-02 2.212888362942199427e-01
6.964304675732777561e-01 8.066274740450894709e-02 2.229067850222132829e-01
6.948956169791344895e-01 8.058464288061351066e-02 2.245197401402519444e-01
6.933617655953994152e-01 8.050658920391677575e-02 2.261316452006837951e-01
6.918251705964504339e-01 8.042839591183287284e-02 2.277464334917167210e-01
6.903070141115996705e-01 8.031629879057894383e-02 2.293766870978213857e-01
6.897200666305530747e-01 8.025196882680284138e-02 2.300279645426439590e-01
6.892685557139812680e-01 8.019473467860621652e-02 2.305367096074123767e-01
6.888178826887696449e-01 8.013760674267712825e-02 2.310445105685534073e-01
6.883669477882343735e-01 8.008044561106990311e-02 2.315526066006956263e-01
6.879552586465810249e-01 7.997076852134282765e-02 2.320739728320761197e-01
6.876750209216798693e-01 7.990589943162368369e-02 2.324190796466964470e-01
6.877726574321795239e-01 8.000245585207485521e-02 2.322248867157456487e-01
6.878699578070414100e-01 8.009867985534087353e-02 2.320313623376179246e-01
6.879671601522595603e-01 8.019480691340259704e-02 2.318380329343379120e-01
6.880825166187941599e-01 8.026771751339309424e-02 2.316497658678126070e-01
6.882162645551967994e-01 8.031745385703026319e-02 2.314662815877727986e-01
6.886969669962701435e-01 8.069150825970949903e-02 2.306115247440203853e-01
6.893829710923313758e-01 8.125789940790201227e-02 2.293591294997667507e-01
6.900672320109296765e-01 8.182285132229064062e-02 2.281099166667796552e-01
6.907514209228723390e-01 8.238774378523772146e-02 2.268608352918898008e-01
6.914372082952031651e-01 8.295395599805187314e-02 2.256088357067449202e-01
6.921262802438689077e-01 8.352288008237288008e-02 2.243508396737580457e-01
6.921383690636475627e-01 8.468651896153785164e-02 2.231751119748145440e-01
6.921504002600509242e-01 8.584461116196701047e-02 2.220049885779819820e-01
6.921624034136651948e-01 8.700000403519539405e-02 2.208375925511396054e-01
6.921744078305369641e-01 8.815551850638507492e-02 2.196700736630780859e-01
6.921864428290600557e-01 8.931397668914631272e-02 2.184995804817935205e-01
6.917452641540707825e-01 9.079190738101827751e-02 2.174628284649110510e-01
6.905524642926539336e-01 9.278855343036082615e-02 2.166589822769852403e-01
6.893078663637857151e-01 9.475226214387849621e-02 2.159398714923359275e-01
6.880096848355886641e-01 9.668620596126112354e-02 2.153041092031503789e-01
6.867101940769206880e-01 9.862210018243505738e-02 2.146677057406441991e-01
6.854062140739330955e-01 1.005646821788613171e-01 2.140291037472056845e-01
6.831433586063120345e-01 1.026299112540741548e-01 2.142267301396137968e-01
6.805510738932272208e-01 1.047156178448528929e-01 2.147333082619198863e-01
6.778470971716632487e-01 1.067280621881218361e-01 2.154248406402149152e-01
6.751446907538768416e-01 1.087393378271895861e-01 2.161159714189335446e-01
6.724372600216501628e-01 1.107543528302443459e-01 2.168083871481055469e-01
6.694505324620350084e-01 1.128174682901783715e-01 2.177319992477864952e-01
6.645974753258653278e-01 1.151549156146104008e-01 2.202476090595242575e-01
6.596943706661801965e-01 1.174355379476813288e-01 2.228700913861384192e-01
6.548000205791371098e-01 1.197120881927040553e-01 2.254878912281588210e-01
6.499024821222166848e-01 1.219901214710398807e-01 2.281073964067432680e-01
6.449897811871109221e-01 1.242752074004560559e-01 2.307350114124331608e-01
6.395580036587176220e-01 1.263556356316318796e-01 2.340863607096506094e-01
6.336467140719033164e-01 1.282161066847775921e-01 2.381371792433188139e-01
6.277508360724115555e-01 1.300717272206758368e-01 2.421774367069124967e-01
6.218294421498423707e-01 1.318983109765212713e-01 2.462722468736362746e-01
6.158340639633806957e-01 1.336554009236657903e-01 2.505105351129534585e-01
6.098195747419865587e-01 1.354180918197938621e-01 2.547623334382196347e-01
6.028678918757713889e-01 1.372590395005213459e-01 2.598730686237072929e-01
5.958139313124926062e-01 1.391028297972700944e-01 2.650832388902372716e-01
5.887215552978137811e-01 1.410380922431019590e-01 2.702403524590843431e-01
5.816287826866056720e-01 1.429734629063164619e-01 2.753977544070780881e-01
5.745182921637675966e-01 1.449136681706469088e-01 2.805680396655853559e-01
5.674464836521490030e-01 1.467439103929072397e-01 2.858096059549438128e-01
5.605976234188434493e-01 1.482161556081987852e-01 2.911862209729578210e-01
5.537655117893567347e-01 1.496848005088401434e-01 2.965496877018031774e-01
5.469139047083380056e-01 1.510904350978106436e-01 3.019956601938513230e-01
5.401125091754667151e-01 1.524538981648153879e-01 3.074335926597177582e-01
5.333399045183309095e-01 1.537267981299108577e-01 3.129332973517581218e-01
5.270969845822278677e-01 1.549168673871704482e-01 3.179861480306017119e-01
5.212205410148492701e-01 1.560897330104878133e-01 3.226897259746629998e-01
5.153670446374907232e-01 1.572580186578353412e-01 3.273749367046738801e-01
5.095221511789682634e-01 1.584245872687394530e-01 3.320532615522922559e-01
5.036716005053488709e-01 1.595922849899693852e-01 3.367361145046816606e-01
