5.470498708530450171e-01 1.750977950250769966e-01 2.778523341218779863e-01
5.309998738543022512e-01 1.811338053688714977e-01 2.878663207768263343e-01
5.167885805319334391e-01 1.872562041524148124e-01 2.959552153156517762e-01
5.058962396883578405e-01 1.926515586055627949e-01 3.014522017060793369e-01
4.990613817702292399e-01 1.963101906196494939e-01 3.046284276101210997e-01
4.955334038315138967e-01 1.983329692480913509e-01 3.061336269203947524e-01
4.976772137769108761e-01 1.970991533493814396e-01 3.052236328737078508e-01
5.082318655089859138e-01 1.920837486206286304e-01 2.996843858703855390e-01
5.232839257770303121e-01 1.854643836588639183e-01 2.912516905641059362e-01
5.451099089254354269e-01 1.770129466647905048e-01 2.778771444097740129e-01
5.727953027751272463e-01 1.671773430109033676e-01 2.600273542139695526e-01
6.036858512746170469e-01 1.565497868226920497e-01 2.397643619026908479e-01
6.388375545834379388e-01 1.449576346463834486e-01 2.162048107701786681e-01
6.737529490988257708e-01 1.329337378534221903e-01 1.933133130477518724e-01
7.080939965171576533e-01 1.206905765408844561e-01 1.712154269419578212e-01
7.393632623335779641e-01 1.081118891621942052e-01 1.525248485042279278e-01
7.665416650435761259e-01 9.484518972818643812e-02 1.386131452282373111e-01
7.899322876934387061e-01 8.090311741832043047e-02 1.291645948882408357e-01
8.021135006230557529e-01 6.757767108546425261e-02 1.303088282914800222e-01
8.087961276152025869e-01 5.587296775292390633e-02 1.353309046318734998e-01
8.077855160299833859e-01 4.664304703639986227e-02 1.455714369336168212e-01
7.988669431819027666e-01 3.909162346634559304e-02 1.620414333517516681e-01
7.885271631639795276e-01 3.254081835159983865e-02 1.789320184844206962e-01
7.777640649640836790e-01 2.723302344061250338e-02 1.950029115953037795e-01
7.668108334998584574e-01 2.334777098337975990e-02 2.098413955167617029e-01
7.562736608195403942e-01 2.008291621166339788e-02 2.236434229687960518e-01
7.467651772845148583e-01 1.745247231022579310e-02 2.357823504052593278e-01
7.372414490923382413e-01 1.629980908465204423e-02 2.464587418230095861e-01
7.279472247134990415e-01 1.586722222815753827e-02 2.561855530583435070e-01
7.195073997540875066e-01 1.623133895155615819e-02 2.642612612943563422e-01
7.137577692820731290e-01 1.719582208284349198e-02 2.690464086350833339e-01
7.101630041914862579e-01 1.847219231242993101e-02 2.713648034960839395e-01
7.113452152029570152e-01 2.047693843488281040e-02 2.681778463621601882e-01
7.155186966392694803e-01 2.265402139844695240e-02 2.618272819622835534e-01
7.224872779964266467e-01 2.497541434783384640e-02 2.525373076557394514e-01
7.352259784917483110e-01 2.695919446026769084e-02 2.378148270479840398e-01
7.500374692530705767e-01 2.861279684109888782e-02 2.213497339058306257e-01
7.673252520825845080e-01 2.988988379789954061e-02 2.027848641195157675e-01
7.868114005091482177e-01 3.063577591713798065e-02 1.825528235737136074e-01
8.066431145675417858e-01 3.107211067850040170e-02 1.622847747539575836e-01
8.268238310037243632e-01 3.097969108045749848e-02 1.421964779158180481e-01
8.454711187920372906e-01 3.030869614389008690e-02 1.242201850640726191e-01
8.633324730167935002e-01 2.927218983578526446e-02 1.073953371474213464e-01
8.794971804549929217e-01 2.768250689080855101e-02 9.282031265419850297e-02
8.923994010972285951e-01 2.647984796809152788e-02 8.112075093467971398e-02
9.026597450785728283e-01 2.587384670084242819e-02 7.146640822058479559e-02
9.111812475982272730e-01 2.496314942221095762e-02 6.385560297956181797e-02
9.199115180602801534e-01 2.377225069124806744e-02 5.631623124847186246e-02
9.289039210252236778e-01 2.225458893089427709e-02 4.884149004388201043e-02
9.383010400239090165e-01 2.019227102421729952e-02 4.150668895187361457e-02
9.477889415805574869e-01 1.792718502030800354e-02 3.428387339913447490e-02
9.573711900753958393e-01 1.545847997992381637e-02 2.717032994468036172e-02
9.664591089199175977e-01 1.260227875696236059e-02 2.093861232312014750e-02
9.740354329115097354e-01 9.687367218739100297e-03 1.627719986975114524e-02
9.804506389441171033e-01 6.785468524815626082e-03 1.276389253106712494e-02
9.853872894013602224e-01 4.745613586249617516e-03 9.867097012390286734e-03
9.891367741454303308e-01 3.172712482357517919e-03 7.690513372212250988e-03
9.918846257859490478e-01 2.339039754200026005e-03 5.776334459850772200e-03
9.937721566554098551e-01 2.122602919895380264e-03 4.105240424694731223e-03
9.944590678696747510e-01 2.137780170405867083e-03 3.403151959919295186e-03
9.927241027338595813e-01 2.306914012491693197e-03 4.968983253648617468e-03
9.889789711758818491e-01 4.145755842259619788e-03 6.875272981858479918e-03
9.841408175163491867e-01 6.965754112780269715e-03 8.893428370870513217e-03
9.771204784155629319e-01 1.090359879563883479e-02 1.197592278879807716e-02
9.689225449617580033e-01 1.615546404103310879e-02 1.492199099720872488e-02
9.594425777961006485e-01 2.235203201405805071e-02 1.820539018984113425e-02
9.485310446406692853e-01 2.951349728207368350e-02 2.195545807725694451e-02
9.363994429930899699e-01 3.684772545922117282e-02 2.675283154768870117e-02
9.230918416265854187e-01 4.432863028278572620e-02 3.257952809062890365e-02
9.086793021679451243e-01 5.094467668291613460e-02 4.037602114913860230e-02
8.938637184283062531e-01 5.722445867036277806e-02 4.891182290133085780e-02
8.790623884564702228e-01 6.346745148490658128e-02 5.747016005862317506e-02
8.628552933346463893e-01 6.895157845147981135e-02 6.819312821387372991e-02
8.463142031618114958e-01 7.375874824998304713e-02 7.992704858820558200e-02
8.306625648742612666e-01 7.785787260641792440e-02 9.147956251932096161e-02
8.160166672685442713e-01 8.147568909287465633e-02 1.025076436385810585e-01
8.021600936014410266e-01 8.496468293463108057e-02 1.128752234639277680e-01
7.899985289180293524e-01 8.814830699668549374e-02 1.218531640852851400e-01
7.780782939181831726e-01 9.087330401826683446e-02 1.310484020635500624e-01
7.665437659646229251e-01 9.325956719229003267e-02 1.401966668430868757e-01
7.566704136762878452e-01 9.367568907731610439e-02 1.496538972463960226e-01
7.491014904740407321e-01 9.277583677493833614e-02 1.581226727510209318e-01
7.434301394610399738e-01 9.092042647178294468e-02 1.656494340671769983e-01
7.415150329379505134e-01 8.892830591710002008e-02 1.695566611449494110e-01
7.399240488246953129e-01 8.699175720612524476e-02 1.730841939691794285e-01
7.386957443901431830e-01 8.528013558905911395e-02 1.760241200207976753e-01
7.382744454170219184e-01 8.636622934623630621e-02 1.753593252367419419e-01
7.370937710939339249e-01 8.847700187561804985e-02 1.744292270304479142e-01
7.345486133381805560e-01 9.186220872588894693e-02 1.735891779359303999e-01
7.301092585986562744e-01 9.766207133003873553e-02 1.722286700713050178e-01
7.240579237101036902e-01 1.039932460731012309e-01 1.719488302167951621e-01
7.151889332846416147e-01 1.104572886824742445e-01 1.743537780328841269e-01
7.007988161775655644e-01 1.176634299410790480e-01 1.815377538813553182e-01
6.834418594412856596e-01 1.253061907792543950e-01 1.912519497794598899e-01
6.621734033994054469e-01 1.338272183591271425e-01 2.039993782414674106e-01
6.388105263127187294e-01 1.423407648723515051e-01 2.188487088149299042e-01
6.143290699554391221e-01 1.512410446780533824e-01 2.344298853665074123e-01
5.899290929935760985e-01 1.599206012005300603e-01 2.501503058058938689e-01
5.676561212777548882e-01 1.676564844469821958e-01 2.646873942752627773e-01
