4.978010771756203878e-01 1.607639690069048444e-01 3.414349538174745735e-01
4.475151775011891320e-01 1.734281738910252724e-01 3.790566486077855957e-01
4.852281658187485025e-01 1.581101534722007262e-01 3.566616807090505770e-01
6.247602004248380414e-01 1.226943520908009982e-01 2.525454474843609742e-01
7.622037269131658466e-01 8.230078354925816908e-02 1.554954895375758595e-01
7.800408163884574586e-01 4.224180023517111471e-02 1.777173833763714683e-01
7.196287476994128740e-01 1.501775361172591645e-02 2.653534986888610447e-01
6.571845544320185084e-01 8.366299998817289946e-03 3.344491455691641635e-01
6.428927631695910971e-01 1.078361610044568757e-02 3.463236207299633107e-01
7.068003918931979879e-01 1.587972495291442923e-02 2.773198831538876696e-01
8.105975036779690113e-01 1.727748008095329746e-02 1.721250162410776774e-01
8.877860832777879629e-01 1.532354029296426230e-02 9.689037642924777649e-02
9.387858956656803811e-01 1.223684463576378209e-02 4.897725969855598604e-02
9.750722353075698123e-01 6.084922437725035459e-03 1.884284225470509930e-02
9.900166440090552022e-01 1.873458569255492725e-03 8.109897421689420821e-03
9.781340636281153911e-01 4.335331166545614533e-03 1.753060520533887209e-02
9.320486086533223968e-01 2.233355809178828866e-02 4.561783325488943941e-02
8.616820927164232646e-01 4.766811830233137759e-02 9.064978898124542717e-02
7.824995776569340089e-01 6.743685980186965578e-02 1.500635625411963214e-01
7.205774649731843118e-01 7.914132962198915100e-02 2.002812054048264956e-01
6.892685557139812680e-01 8.019473467860621652e-02 2.305367096074123767e-01
6.921262802438689077e-01 8.352288008237288008e-02 2.243508396737580457e-01
6.751446907538768416e-01 1.087393378271895861e-01 2.161159714189335446e-01
5.958139313124926062e-01 1.391028297972700944e-01 2.650832388902372716e-01
4.978010771756204988e-01 1.607639690069048444e-01 3.414349538174745735e-01
