5.470498708530450171e-01 1.750977950250769966e-01 2.778523341218779863e-01
4.971065017379492912e-01 1.974031270208370936e-01 3.054903712412135319e-01
5.365072760677368491e-01 1.803705536709943325e-01 2.831221702612686242e-01
6.707496583224080711e-01 1.339947973788443714e-01 1.952555442987475576e-01
7.927414821373677256e-01 7.800166413011740130e-02 1.292568537325148037e-01
7.937008124520069652e-01 3.532646772001594992e-02 1.709727198279772375e-01
7.484232275756138586e-01 1.791115830998931194e-02 2.336656141143967913e-01
7.132434804915667170e-01 1.735779251027582890e-02 2.693987269981574229e-01
7.279353798541520204e-01 2.584561226384684759e-02 2.462190078820011840e-01
8.014448128290343476e-01 3.108234006839091790e-02 1.674728471025745680e-01
8.802022051192416319e-01 2.761309428347357917e-02 9.218470059728471611e-02
9.230309342284687135e-01 2.327008007036752979e-02 5.369898570116374281e-02
9.634523107822364762e-01 1.360879148624133568e-02 2.293889773152233205e-02
9.890158423882813299e-01 3.209026625605976551e-03 7.775130986112898691e-03
9.921605530891893787e-01 2.350172073769402244e-03 5.489274837041152252e-03
9.635950046418145787e-01 1.963251223158415937e-02 1.677248312660113705e-02
9.105852382195449568e-01 5.009757405903512983e-02 3.931718772141978846e-02
8.435849347854974534e-01 7.447353671308568068e-02 8.194152850141699085e-02
7.841949198798355836e-01 8.953723140278212200e-02 1.262678487173823638e-01
7.446206777240129693e-01 9.134653329711363290e-02 1.640327889788731897e-01
7.382437610987755416e-01 8.648195091040138116e-02 1.752742879908230078e-01
7.206456304098561860e-01 1.065527777239845125e-01 1.728015918661593708e-01
6.462078101348901482e-01 1.396958301348146247e-01 2.140963597302952548e-01
