# albedo ( surface type x band )
6.700000000000000400e-01 3.400000000000000244e-01 3.699999999999999956e-01
5.200000000000000178e-01 2.800000000000000266e-01 2.800000000000000266e-01
4.000000000000000222e-01 2.800000000000000266e-01 1.499999999999999944e-01
3.499999999999999778e-01 2.999999999999999889e-01 1.300000000000000044e-01
3.300000000000000155e-01 4.000000000000000222e-01 1.199999999999999956e-01
3.300000000000000155e-01 4.799999999999999822e-01 1.000000000000000056e-01
3.200000000000000067e-01 3.699999999999999956e-01 2.999999999999999889e-02


# area fraction ( longitude slice x suface type )
3.000000000000000444e-01 4.499999999999999556e-01 2.500000000000000000e-01
2.179729121491787991e-01 3.949985704572070433e-01 3.870285173936141576e-01
1.064605114224419918e-01 2.703297118521724163e-01 6.232097767253856890e-01
1.484035476371499129e-01 1.674196300881658217e-01 6.841768222746842376e-01
2.749927184670221680e-01 1.617376799836682255e-01 5.632696015493094954e-01
2.785532031795678320e-01 2.574507332498554568e-01 4.639960635705766556e-01
1.532438779286372232e-01 3.843673931461170645e-01 4.623887289252456845e-01
1.046399233319345035e-01 4.494130233112416661e-01 4.459470533568238304e-01
2.124781564614809104e-01 4.048862551506470786e-01 3.826355883878719832e-01
2.998454528653836104e-01 2.834409006877094961e-01 4.167136464469069490e-01
2.234121145954093279e-01 1.741392013463327337e-01 6.024486840582579106e-01
1.085702247116123870e-01 1.571378199962802369e-01 7.342919552921074455e-01
1.437226990230435764e-01 2.449047603502864379e-01 6.113725406266700135e-01
2.712004355593533034e-01 3.730759265941195890e-01 3.557236378465270521e-01
2.818708844427866289e-01 4.476566871334087816e-01 2.704724284238045895e-01
1.582287287139625964e-01 4.139530626874928232e-01 4.278182085985446359e-01
1.031140877735439582e-01 2.966816869270219037e-01 6.002042252994341798e-01
2.069448315072547617e-01 1.818438040023421243e-01 6.112113644904031418e-01
2.993822891578707956e-01 1.536560502671240058e-01 5.469616605750051708e-01
2.287789515371193294e-01 2.327899824018629382e-01 5.384310660610176491e-01
1.109625421965715619e-01 3.612125418365195739e-01 5.278249159669088364e-01
