5.470498708530450171e-01 1.750977950250769966e-01 2.778523341218779863e-01
5.121774282072155682e-01 1.895695306310134498e-01 2.982530411617709265e-01
4.952505464719543782e-01 1.984786163097711220e-01 3.062708372182744165e-01
5.112597414550957842e-01 1.906607646815481338e-01 2.980794938633559710e-01
5.626600634387626254e-01 1.706521278381615547e-01 2.666878087230756811e-01
6.414153841890916086e-01 1.441075309455527309e-01 2.144770848653555773e-01
7.233577245289855018e-01 1.145996947702840191e-01 1.620425807007303820e-01
7.876388356939793001e-01 8.227013847177054584e-02 1.300910258342500569e-01
8.087478958403300222e-01 5.285285847828562894e-02 1.383992456813844807e-01
7.915183501367227814e-01 3.395252153796479017e-02 1.745291283253125603e-01
7.652233374474181060e-01 2.284048137529446493e-02 2.119361811772874082e-01
7.414012379732691782e-01 1.653673112697531464e-02 2.420620308997555037e-01
7.197130352794057773e-01 1.621960777416189825e-02 2.640673569464324077e-01
7.106254220457793869e-01 1.925634200428070000e-02 2.701182359499398333e-01
7.211126410772391582e-01 2.452840293391378781e-02 2.543589559888470020e-01
7.538278221112134636e-01 2.889279863453548744e-02 2.172793792542510316e-01
7.993506501765305083e-01 3.105963141880882863e-02 1.695897184046608330e-01
8.463668983488384923e-01 3.026602401284233732e-02 1.233670776383191253e-01
8.863005094922200566e-01 2.702758890224010377e-02 8.667190160553969736e-02
9.101462853662430907e-01 2.506833406909042550e-02 6.478538056466634498e-02
9.316671873757936817e-01 2.164815480182818649e-02 4.668465782237822548e-02
9.545534855393258411e-01 1.618441412724389017e-02 2.926210033343032424e-02
9.748170676771543697e-01 9.333743451156907220e-03 1.584918887168852361e-02
9.876313049975642411e-01 3.723265677242991629e-03 8.645429325192756018e-03
9.936882963733111307e-01 2.123823547771451839e-03 4.187880078917623032e-03
9.918434919501403213e-01 2.462069665381763466e-03 5.694438384477937785e-03
9.786596903919173585e-01 1.004022487454149688e-02 1.130008473354120017e-02
9.573708528771538440e-01 2.376282485920416451e-02 1.886632226364202275e-02
9.282970650680703040e-01 4.140249956405623460e-02 3.030043536787344408e-02
8.935072258349561203e-01 5.737145713524549606e-02 4.912131702979822406e-02
8.555177824790237695e-01 7.122210298672926321e-02 7.326011453424702280e-02
8.181042229317861958e-01 8.097139594583531441e-02 1.009243811223783927e-01
7.867081124663253267e-01 8.896160165246601303e-02 1.243302858812086326e-01
7.598031899234040099e-01 9.358940633770632123e-02 1.466074037388897522e-01
7.432423631478437542e-01 9.072509892801927656e-02 1.660325379241369692e-01
7.392907451199124402e-01 8.615718852448672749e-02 1.745520663556009433e-01
7.372804187495597406e-01 8.822874971090147178e-02 1.744908315395388709e-01
7.283593822553605657e-01 9.976470518513524954e-02 1.718759125595042125e-01
7.048046272931997036e-01 1.158616861780861068e-01 1.793336865287141757e-01
6.584793782306659349e-01 1.352415037248481944e-01 2.062791180444859540e-01
5.999801615136615140e-01 1.563872428919774182e-01 2.436325955943609844e-01
