7.436969622819527004e-01 1.268165159813448573e-01 1.294865217367024146e-01
3.878271796395600379e-01 1.922545366721296056e-01 4.199182836883104675e-01
4.811514145159649369e-01 1.995653447204321085e-01 3.192832407636030934e-01
9.073146387773470822e-01 5.706379949958223508e-02 3.562156172307066881e-02
5.927743815878270262e-01 4.072256184121729738e-01 0.000000000000000000e+00
6.910584004895314880e-01 3.089415995104685675e-01 0.000000000000000000e+00
8.382993721080296279e-01 1.617006278919703444e-01 0.000000000000000000e+00
9.803255167957971583e-01 1.967448320420280700e-02 0.000000000000000000e+00
9.943316420111439902e-01 5.668357988856141672e-03 0.000000000000000000e+00
9.138473458536637839e-01 2.330063813036192463e-02 6.285201601597438514e-02
6.741591906725756811e-01 1.149090341828016559e-01 2.109317751446227462e-01
6.659673310497458143e-01 7.376957371654287166e-02 2.602630952337114389e-01
