4.978010771756203878e-01 1.607639690069048444e-01 3.414349538174745735e-01
4.475151775011891320e-01 1.734281738910252724e-01 3.790566486077855957e-01
4.852281658187485025e-01 1.581101534722007262e-01 3.566616807090505770e-01
6.247602004248380414e-01 1.250291113091871742e-01 2.502106882659748122e-01
7.622037269131658466e-01 1.232504585886883275e-01 1.145458144981457010e-01
7.795957845568483036e-01 1.840739613952422082e-01 3.633025404790950902e-02
7.158409461971909638e-01 2.760984538830752455e-01 8.060599919733686669e-03
6.475822892702521871e-01 3.524177107297478684e-01 0.000000000000000000e+00
6.279142528557406511e-01 3.720857471442594600e-01 0.000000000000000000e+00
6.903827442146619475e-01 3.096172557853381635e-01 0.000000000000000000e+00
7.972757319555034972e-01 2.027242680444965306e-01 0.000000000000000000e+00
8.806077141884369741e-01 1.193922858115628177e-01 0.000000000000000000e+00
9.366577372557948200e-01 6.334226274420517999e-02 0.000000000000000000e+00
9.750722353075698123e-01 2.492776469243013562e-02 0.000000000000000000e+00
9.900166440090552022e-01 9.382431608812295820e-03 6.009243821326195690e-04
9.781340636281153911e-01 6.849262017155159296e-03 1.501667435472932473e-02
9.320486086533223968e-01 2.264532254764144159e-02 4.530606879903628648e-02
8.616820927164232646e-01 4.766811830233137759e-02 9.064978898124542717e-02
7.824995776569340089e-01 6.743685980186965578e-02 1.500635625411963214e-01
7.205774649731843118e-01 7.914132962198915100e-02 2.002812054048264956e-01
6.892685557139812680e-01 8.019473467860621652e-02 2.305367096074123767e-01
6.921262802438689077e-01 8.352288008237288008e-02 2.243508396737580457e-01
6.751446907538768416e-01 1.087393378271895861e-01 2.161159714189335446e-01
5.958139313124926062e-01 1.391028297972700944e-01 2.650832388902372716e-01
4.978010771756204988e-01 1.607639690069048444e-01 3.414349538174745735e-01
